x = [[-0.000700935500000055, 0.0002919291999999851];[-0.0005877417999999857, 0.0002919291999999851];[-0.0005937481000000133, 0.0002919291999999851];[-0.00048055439999983296, 0.0002919291999999851];[-0.0004865606999997496, 0.0002919291999999851];[-0.0004925669999997773, 0.0002919291999999851];[-0.0004985732999998049, 0.0002919291999999851];[-0.0005045795999998326, 0.0002919291999999851];[-0.0005105858999998603, 0.0002919291999999851];[-0.0005165921999998879, 0.0002919291999999851];[-0.0005225984999998046, 0.0002919291999999851];[-0.0005286047999998322, 0.0002919291999999851];[-0.00041541109999998493, 0.0002919291999999851];[-0.0004214174000000126, 0.0002919291999999851];[-0.00042742369999992924, 0.0002919291999999851];[-0.0003142299999998599, 0.0002919291999999851];[-0.00032023629999977654, 0.0002919291999999851];[-0.0003262425999998042, 0.0002919291999999851];[-0.00033224889999983187, 0.0002919291999999851];[-0.00033825519999985953, 0.0002919291999999851];[-0.0003442614999998872, 0.0002919291999999851];[-0.00035026779999991486, 0.0002919291999999851];[-0.00035627409999994253, 0.0002919291999999851];[-0.00036228039999985917, 0.0002919291999999851];[-0.00028968899999992637, 0.00033253150000001064];[-0.00028968899999992637, 0.000326525199999983];[-0.0002939654999999375, 0.00032479539999996643];[-0.0002982419999999486, 0.0003230655999999499];[-0.0003025184999999597, 0.00032133579999993334];[-0.00030679499999997084, 0.0003196059999999168];[-0.00031107149999998196, 0.00031787620000001127];[-0.0003153479999999931, 0.0003161463999999947];[-0.0003196245000000042, 0.0003144165999999782];[-0.0003239010000000153, 0.00031268679999996163];[-0.0003281774999999154, 0.0003109569999999451];[-0.00033245399999992653, 0.00030922719999992854];[-0.00033673049999993765, 0.000307497400000023];[-0.00034100699999994877, 0.00030576760000000647];[-0.0003452834999999599, 0.0003040377999999899];[-0.000349559999999971, 0.0003023079999999734];[-0.0003538364999999821, 0.00030057819999995683];[-0.00035811299999999324, 0.0002988483999999403];[-0.00036238950000000436, 0.00029711859999992374];[-0.0003666660000000155, 0.0002953888000000182];[-0.0003709424999999156, 0.00029365900000000167];[-0.0003752189999999267, 0.0002919291999999851];[-0.0003198954999998893, 0.0003497994000000171];[-0.00032417199999990043, 0.00034806960000000053];[-0.00032844849999991155, 0.000346339799999984];[-0.00033272499999992267, 0.00034460999999996744];[-0.0003370014999999338, 0.0003428802000000619];[-0.0003412779999999449, 0.0003411504000000454];[-0.000345554499999956, 0.0003394206000000288];[-0.00034983099999996714, 0.0003376908000000123];[-0.00035410749999986724, 0.00033596099999999574];[-0.00035838399999987836, 0.0003342311999999792];[-0.0003626604999998895, 0.00033250139999996264];[-0.0003669369999999006, 0.0003307716000000571];[-0.0003712134999999117, 0.0003290418000000406];[-0.00037548999999992283, 0.00032731200000002403];[-0.00032016649999999647, 0.00038518219999994496];[-0.0003244430000000076, 0.0003834523999999284];[-0.0003287195000000187, 0.00038172259999991187];[-0.0003329960000000298, 0.00037999280000000635];[-0.0003372724999999299, 0.0003782629999999898];[-0.00034154899999994104, 0.00037653319999997326];[-0.00034582549999995216, 0.0003748033999999567];[-0.0003501019999999633, 0.00037307359999994016];[-0.0003543784999999744, 0.0003713437999999236];[-0.0003586549999999855, 0.00036961399999990707];[-0.00036293149999999663, 0.00036788420000000155];[-0.00036720800000000775, 0.000366154399999985];[-0.00037148450000001887, 0.00036442459999996846];[-0.00037576100000003, 0.0003626947999999519];[-0.0003800374999999301, 0.00036096499999993537];[-0.0003843139999999412, 0.0003592351999999188];[-0.0003885904999999523, 0.0003575053999999023];[-0.00039286699999996344, 0.00035577559999999675];[-0.00039714349999997456, 0.0003540457999999802];[-0.0004014199999999857, 0.00035231599999996366];[-0.0004056964999999968, 0.0003505861999999471];[-0.0004099730000000079, 0.00034885639999993057];[-0.00041424950000001903, 0.000347126599999914];[-0.00035892599999998165, 0.000404996800000057];[-0.00036320249999988174, 0.00040326700000004045];[-0.00036747899999989286, 0.0004015372000000239];[-0.000371755499999904, 0.00039980740000000736];[-0.0003760319999999151, 0.0003980775999999908];[-0.0003803084999999262, 0.00039634779999997427];[-0.00038458499999993734, 0.0003946179999999577];[-0.00038886149999994846, 0.0003928882000000522];[-0.0003931379999999596, 0.00039115840000003566];[-0.0003974144999999707, 0.0003894286000000191];[-0.0004016909999999818, 0.00038769880000000256];[-0.0004059674999998819, 0.000385968999999986];[-0.00041024399999989303, 0.00038423919999996947];[-0.00035492049999985564, 0.00044210940000000143];[-0.00035919699999986676, 0.0004403796000000959];[-0.0003634734999998779, 0.00043864980000007936];[-0.000367749999999889, 0.0004369200000000628];[-0.0003720264999999001, 0.00043519020000004627];[-0.00037630299999991124, 0.0004334604000000297];[-0.00038057949999992235, 0.0004317306000000132];[-0.0003848559999999335, 0.00043000079999999663];[-0.00038913249999983357, 0.0004282710000000911];[-0.0003934089999998447, 0.00042654120000007456];[-0.0003976854999998558, 0.000424811400000058];[-0.0004019619999998669, 0.00042308160000004147];[-0.00040623849999987804, 0.0004213518000000249];[-0.00041051499999988916, 0.0004196220000000084];[-0.0004147914999999003, 0.00041789220000010285];[-0.0004190679999999114, 0.0004161624000000863];[-0.0004233444999999225, 0.00041443260000006976];[-0.00042762099999993364, 0.0004127028000000532];[-0.00043189749999983373, 0.00041097300000003667];[-0.00043617399999984485, 0.0004092432000000201];[-0.00044045049999985597, 0.0004075134000000036];[-0.0004447269999998671, 0.00040578360000009805];[-0.0004490034999998782, 0.0004040538000000815];[-0.0004532799999998893, 0.00040232400000006496];[-0.00045755649999990045, 0.0004005942000000484];[-0.0004022329999999741, 0.00045846439999996935];[-0.0004065094999999852, 0.0004567345999999528];[-0.0004107859999999963, 0.00045500479999993626];[-0.0004150624999998964, 0.00045327500000003074];[-0.00041933899999990754, 0.0004515452000000142];[-0.00042361549999991865, 0.00044981539999999764];[-0.0004278919999999298, 0.0004480855999999811];[-0.0004321684999999409, 0.00044635579999996455];[-0.000436444999999952, 0.000444625999999948];[-0.00044072149999996313, 0.0004428962000000425];[-0.00044499799999997425, 0.00044116640000002594];[-0.00044927449999998537, 0.0004394366000000094];[-0.0004535509999999965, 0.00043770679999999285];[-0.0004578274999998966, 0.0004359769999999763];[-0.0004621039999999077, 0.00043424719999995975];[-0.0004663804999999188, 0.0004325173999999432];[-0.00047065699999992994, 0.0004307876000000377];[-0.00047493349999994106, 0.00042905780000002114];[-0.0004792099999999522, 0.0004273280000000046];[-0.0004834864999999633, 0.00042559819999998805];[-0.0004877629999999744, 0.0004238683999999715];[-0.000432439499999937, 0.00048173860000000346];[-0.00043671599999994815, 0.0004800087999999869];[-0.00044099249999984824, 0.0004782790000000814];[-0.00044526899999985936, 0.00047654920000006484];[-0.0004495454999998705, 0.0004748194000000483];[-0.0004538219999998816, 0.00047308960000003175];[-0.0004580984999998927, 0.0004713598000000152];[-0.00046237499999990384, 0.00046962999999999866];[-0.00046665149999991495, 0.00046790020000009314];[-0.00047092799999992607, 0.0004661704000000766];[-0.0004752044999999372, 0.00046444060000006004];[-0.0004794809999999483, 0.0004627108000000435];[-0.0004837574999998484, 0.00046098100000002695];[-0.0004880339999998595, 0.0004592512000000104];[-0.0004923104999998706, 0.00045752139999999386];[-0.0004965869999998818, 0.00045579160000008834];[-0.0005008634999998929, 0.0004540618000000718];[-0.0004455399999999665, 0.0005119319999999927];[-0.00044981649999997764, 0.0005102021999999762];[-0.00045409299999998876, 0.0005084723999999596];[-0.0004583694999999999, 0.0005067425999999431];[-0.000462646000000011, 0.0005050127999999265];